feature	Corticosterone	Glutamic_acid	Glutamine	Histamine	Indolelactic_acid	Kynurenic_acid	Kynurenine	Serotonin	Thyroxine	Tryptophan	GABA
R1_S1_6342	0.00174572995351927	0.0127618840629766	0.0907932330710948	0.000958817677221636	0.00157893510192036	0.00108349261680062	0.00555746967155735	0.214939595834172	0.00064140202023946	0.668015290089662	0.00192414990083569
R1_S11_6324	0.0022017042820153	0.0106651386693629	0.0718903626366652	0.00127632895294229	0.00130564707093455	0.000707852169411163	0.00573293694424827	0.164195332240586	0.000332509123295287	0.739244252086426	0.00244793582411324
R1_S12_6344	0.00155195912469668	0.0205304321421698	0.0947824995628835	0.00209954928493876	0.00114110723714963	0.000725100878501413	0.00681982859009057	0.124646346814939	0.000367936571974399	0.744948951334438	0.00238628845821835
R1_S15_6327	0.00309379066828934	0.0107669443779648	0.0819139456269745	0.000879859614307915	0.00150734699509004	0.00155094473489398	0.00688548464416315	0.0758957601804238	0.000415318179845284	0.814972889625702	0.00211771535234515
R1_S17_6357	0.000368904378788109	0.0107505062496591	0.0565562472738266	0.000795474111803931	0.00162245257206288	0.00157107098882959	0.00684768600774332	0.131353939770525	0.000327055318900096	0.787886992662436	0.00191967066542485
R1_S18_6329	0.00313642774903965	0.0148859412432252	0.0858194215902318	0.000765443092025595	0.00131916485260735	0.000981388408786288	0.0071572346261054	0.1570536591839	0.000356428423928089	0.725966911766974	0.00255797906317606
R1_S20_6193	0.0062290377540832	0.0169209695646433	0.0863107754855142	0.00137611041110995	0.00154837467324101	0.00140120921391815	0.00783541386238516	0.117961314941043	0.000359556168800627	0.757418594458606	0.00263864346665508
R1_S22_6188	0.00503452508995565	0.0130433548017423	0.0725802269761419	0.000930798947085314	0.00133429992409431	0.000625289668102363	0.00639384833045362	0.159291443291618	0.000623579089832582	0.738129576499431	0.00201305738154355
R1_S24_6330	0.00254574614842629	0.0218822953181129	0.0665966931402638	0.00120892178309624	0.00124588488357416	0.000720291036173125	0.0041457403312826	0.189744879095703	0.000445887792145998	0.709181363810692	0.0022822966605307
R1_S26_6191	0.00331358477209511	0.011534476778811	0.0765660862676421	0.00102308982113726	0.000943668435961558	0.000931788598515109	0.00564381266252741	0.169518517307299	0.000383091387318073	0.727144516442785	0.00299736752590817
R1_S27_6346	0.00272444206109132	0.0124248097796409	0.0632032090876362	0.000517783372011042	0.00100120883903919	0.00195136801654399	0.00574378594288047	0.130263696708919	0.000361838306361178	0.778397782860244	0.00341007502563286
R1_S3_6326	0.00459169432547733	0.015684323488022	0.0603250475559763	0.00115731652527589	0.00138539307872533	0.000875670679600964	0.00784843049097355	0.149498909339794	0.000268741996407845	0.756256260351319	0.00210821216842755
R1_S31_6343	0.00135038536124509	0.0124281438018995	0.0534970513649247	0.000891094425936055	0.00102892944159912	0.00233313112227139	0.00987630649893093	0.132738819551489	0.000368315847048879	0.782907980707076	0.00257984187757943
R1_S32_6335	0.00326135606698593	0.0109189979987242	0.0640046515057713	0.000633979655364759	0.000857073979296673	0.0014379027723159	0.00620171749110866	0.132520422598545	0.000332094945810062	0.777458688807839	0.00237311417823848
R1_S35_6356	0.000639768840635338	0.0140661578677654	0.0663299841183989	0.000942699459648056	0.000925186207224003	0.00121235489905507	0.00632641919857216	0.138039552902233	0.000381351071533755	0.768717118260475	0.00241940717445953
R1_S38_6178	0.00610365370010091	0.0290940002104484	0.115775110203955	0.00299358587962964	0.00107059267638343	0.000909079728244378	0.00560382253384142	0.140921609020361	0.000610651694333947	0.692727342651932	0.00419055170076974
R1_S39_6355	0.000916890053669026	0.0166757331533345	0.0828411749085397	0.000959155269614647	0.000760202032930894	0.000700209340186433	0.00592679976518631	0.164686959792835	0.00046803657953066	0.723865696219878	0.00219914288429479
R1_S40_6181	0.00264468370140158	0.0179901929813266	0.0712797551562974	0.00098294791961979	0.000877589207495882	0.00132585666534447	0.00851699597193669	0.175762464025658	0.000412090585174632	0.716499508654631	0.00370791513111416
R1_S41_6292	0.0023475638303275	0.0232071327454976	0.084122483764688	0.00168701238517841	0.00122330219581405	0.000676620119090696	0.00633715767773144	0.202664860627067	0.000374588562595619	0.673174529207691	0.00418474888431824
R1_S7_6192	0.00325863317844859	0.0110293962285227	0.0736372792971376	0.000681480635181701	0.00139916095147018	0.00096853239619436	0.00745453770639737	0.150426171055865	0.000433276070631026	0.748886885262845	0.00182464721730607
R1_S8_6334	0.00153325000582814	0.00749138273952715	0.0831460165778605	0.000656798413052907	0.00113951122040585	0.000801547881289435	0.00736208302393594	0.149913594039633	0.000512738665916618	0.745290549841523	0.00215252759102813
R1_S9_6189	0.0018995539084182	0.0174002294435788	0.089095073319745	0.0025095768171567	0.000975422904738172	0.000648875427809252	0.00657665193759814	0.0997324984882315	0.000522728038668394	0.778388409564734	0.0022509801493219
R3_S11_6456	0.00258899430455604	0.0115709199046575	0.0731945326069736	0.00075291782983953	0.00078544746095039	0.000739333455887634	0.00391297631447295	0.168124479916258	0.000510793279555174	0.735395236579419	0.0024243683474302
R3_S12_6425	0.000281678175417089	0.0195432402939126	0.0884806532327395	0.000731949760542226	0.000977854306474626	0.00110140176241824	0.00496720917699476	0.183308588340002	0.000650065113017729	0.697419624924459	0.00253773491402237
R3_S15_6468	0.00218281181323773	0.0105046944751879	0.0622348137831698	0.000751454943099677	0.000964504154332527	0.00146198613633836	0.00556173248110825	0.1930252966813	0.000460625188652768	0.72109079162673	0.00176128871684345
R3_S16_6459	0.00106483573721492	0.0107710720134484	0.0529553149244563	0.000732485305862007	0.001218177373867	0.00103945790300889	0.00567244192877822	0.134345873097107	0.000413195779409913	0.791066192252718	0.000720953684129951
R3_S17_6429	0.000885155860100901	0.014995714200932	0.0744594672086915	0.00133990380678621	0.00105648765807562	0.00147367382502371	0.00514706563620515	0.167813511272666	0.000475081390116394	0.729206161834678	0.00314777730672524
R3_S19_6466	0.00112601836653081	0.0107852378150527	0.0651343412939401	0.00044036049946156	0.00147222254976269	0.00140050945229911	0.00586868253527892	0.120330851618895	0.000709766793478158	0.790887807708255	0.00184420136704626
R3_S20_6453	0.00334947286722491	0.00857145908792935	0.0702881280626781	0.00190975913391145	0.000711777818695392	0.00192372630157342	0.00540264651353478	0.141960511987071	0.000441837199241464	0.763765533795479	0.00167514723266134
R3_S21_6385	0.00352270366536575	0.0126096083660963	0.0518194663858346	0.000499827145944608	0.000845255331132985	0.000700093915037383	0.00327544938555332	0.110923876433644	0.000438003578648795	0.813783296399817	0.00158241939292536
R3_S25_6375	0.00463019870115116	0.0188439705216813	0.068420457148604	0.000587825014852767	0.00166988864615402	0.00147074982726093	0.00474478383869988	0.123347804304788	0.000662275090001248	0.773413966629232	0.00220808027757446
R3_S27_6465	0.00309758585236126	0.0119692358440327	0.0776402440542079	0.000877389483196862	0.00107754960034988	0.0013999173430071	0.00654259365171319	0.0837289080387618	0.00042832842779671	0.811837236291507	0.00140101141306533
R3_S29_6376	0.00188294556343381	0.0113259871923937	0.0718101472076698	0.000990932026451369	0.000992627771985122	0.0013184164593789	0.00524221746579874	0.185847287220805	0.000521672989656415	0.717628410459009	0.00243935564341801
R3_S3_6383	0.00195962187497936	0.0144321068326404	0.0755532667034235	0.000679103373902831	0.00132457641752798	0.00069269745221313	0.0057867643795185	0.0738046533130598	0.000519632278543866	0.822505395183951	0.00274218219023968
R3_S31_6430	0.00211767173798287	0.0170882149019484	0.0658835475051803	0.000903254335305658	0.00122426589349448	0.000932898292665632	0.00483403323274741	0.127858179762533	0.000769708799823515	0.775919110405521	0.00246911513279705
R3_S32_6371	0.00291819149294677	0.012378326732752	0.0695077915601862	0.000751159584293243	0.000629636722122147	0.00145365674369079	0.00428651139297923	0.168903502811032	0.000464379837576725	0.736316612299579	0.00239023082284209
R3_S35_6427	0.00290383456349516	0.0152571694711741	0.0718458146502882	0.0014863327049146	0.000905553975761262	0.00116941540042035	0.00554711630953698	0.111150827526974	0.000587750437194039	0.787115822699066	0.00203036226117543
R3_S37_6420	0.00379826212760585	0.010280672980093	0.0528689285699411	0.000920825791712728	0.00155663766064586	0.00222195449200759	0.00673054357223103	0.138272346960695	0.000614184932187009	0.777815590070898	0.00492005284198271
R3_S38_6388	0.00280731394327058	0.0125906863852505	0.0673857745306646	0.00114771245031541	0.000934099854361286	0.00113061077473124	0.00450914179569283	0.1814364267379	0.000523554074442538	0.724865867969153	0.00266881148421853
R3_S4_6463	0.00163595582948551	0.015789356742603	0.0591717905094477	0.000855197719595489	0.000822685309960216	0.00112278698551256	0.00388048371268453	0.121997482108446	0.000349393333918306	0.792883606786968	0.00149126096137898
R3_S40_6416	0.000429329278899999	0.012991292182953	0.0612877473593547	0.00138064883214604	0.000938358044954482	0.000885574370762897	0.00601265065271398	0.139138702810044	0.000557400011891494	0.774341464372454	0.00203683208382555
R3_S43_6421	0.000995276764201224	0.0133838853057193	0.0601201744291132	0.000831439364213679	0.00129935816850444	0.00165143643782254	0.00593591608446841	0.158267130906386	0.000837363027933872	0.754796977817651	0.00188104169398556
R3_S6_6418	0.00376789174458613	0.0135572212988227	0.09516325755836	0.000887084839081079	0.000734485389836954	0.000955480012079264	0.00624354184264695	0.180521154577085	0.000338758573803661	0.69467651468405	0.00315460947964864
R3_S8_6382	0.00287729083402978	0.0123709448882782	0.0554910069517467	0.000701920335503399	0.000798630672804234	0.000668192024938856	0.00407310507892636	0.176261407155248	0.0003801716707688	0.745049177903034	0.00132815248472116
